0000000000
0000000000
0000000000
0000000000
0000000000
0000000000
0000000000
0000000000
0000000000
0000000000

0000000000
0000000000
0000000000
0000000000
0000000000
0000000000
0000000000
0000000000
0000000000
0000000000

0000000000
0000000000
0000000000
0000000000
0000000000
0000000000
0000000000
0000000000
0000000000
0000000000

0000000000
0000000000
0000000000
0000000000
0000000000
0000000000
0000000000
0000000000
0000000000
0000000000

0000000000
0000000000
0000000000
0000000000
0000000000
0000000000
0000000000
0000000000
0000000000
0000000000

0000000000
0000000000
0000000000
0000000000
0000000000
0000000000
0000000000
0000000000
0000000000
0000000000

0000000000
0000000000
0000000000
0000000000
0000000000
0000000000
0000000000
0000000000
0000000000
0000000000

0000000000
0000000000
0000000000
0000000000
0000000000
0000000000
0000000000
0000000000
0000000000
0000000000

0000000000
0000000000
0000000000
0000000000
0000000000
0000000000
0000000000
0000000000
0000000000
0000000000

0000000000
0000000000
0000000000
0000000000
0000000000
0000000000
0000000000
0000000000
0000000000
0000000000

0000000000
0000000000
0000000000
0000000000
0000000000
0000000000
0000000000
0000000000
0000000000
0000000000

0000000000
0000000000
0000000000
0000000000
0000000000
0000000000
0000000000
0000000000
0000000000
0000000000

0000000000
0000000000
0000000000
0000000000
0000000000
0000000000
0000000000
0000000000
0000000000
0000000000

0000000000
0000000000
0000000000
0000000000
0000000000
0000000000
0000000000
0000000000
0000000000
0000000000

0000000000
0000000000
0000000000
0000000000
0000000000
0000000000
0000000000
0000000000
0000000000
0000000000

0000000000
0000000000
0000000000
0000000000
0000000000
0000000000
0000000000
0000000000
0000000000
0000000000

0000000000
0000000000
0000000000
0000000000
0000000000
0000000000
0000000000
0000000000
0000000000
0000000000

0000000000
0000000000
0000000000
0000000000
0000000000
0000000000
0000000000
0000000000
0000000000
0000000000

0000000000
0000000000
0000000000
0000000000
0000000000
0000000000
0000000000
0000000000
0000000000
0000000000

0000000000
0000000000
0000000000
0000000000
0000000000
0000000000
0000000000
0000000000
0000000000
0000000000

0000000000
0000000000
0000000000
0000000000
0000000000
0000000000
0000000000
0000000000
0000000000
0000000000

0000000000
0000000000
0000000000
0000000000
0000000000
0000000000
0000000000
0000000000
0000000000
0000000000

0000000000
0000000000
0000000000
0000000000
0000000000
0000000000
0000000000
0000000000
0000000000
0000000000

0000000000
0000000000
0000000000
0000000000
0000000000
0000000000
0000000000
0000000000
0000000000
0000000000

0000000000
0000000000
0000000000
0000000000
0000000000
0000000000
0000000000
0000000000
0000000000
0000000000

0000000000
0000000000
0000000000
0000000000
0000000000
0000000000
0000000000
0000000000
0000000000
0000000000

0000000000
0000000000
0000000000
0000000000
0000000000
0000000000
0000000000
0000000000
0000000000
0000000000

0000000000
0000000000
0000000000
0000000000
0000000000
0000000000
0000000000
0000000000
0000000000
0000000000

0000000000
0000000000
0000000000
0000000000
0000000000
0000000000
0000000000
0000000000
0000000000
0000000000

0000000000
0000000000
0000000000
0000000000
0000000000
0000000000
0000000000
0000000000
0000000000
0000000000

0000000000
0000000000
0000000000
0000000000
0000000000
0000000000
0000000000
0000000000
0000000000
0000000000

0000000000
0000000000
0000000000
0000000000
0000000000
0000000000
0000000000
0000000000
0000000000
0000000000

0000000000
0000000000
0000000000
0000000000
0000000000
0000000000
0000000000
0000000000
0000000000
0000000000

0001110000
0001110000
0001110000
0001110000
0001110000
0001110000
0001110000
0000000000
0001110000
0001110000

0000000000
0011001100
0011001100
0011001100
0000000000
0000000000
0000000000
0000000000
0000000000
0000000000

0011001100
0011001100
1111111111
1111111111
0011001100
0011001100
1111111111
1111111111
0011001100
0011001100

000011000
0111111110
1100110111
0111110000
0001110000
0000111000
0000111110
1110110111
0111111110
0000110000

0000000000
0000000000
0110001110
0110011100
0000111000
0001110000
0011100110
0111000110
0000000000
0000000000

0011111000
0110001100
1100000000
0110000000
0011000011
0111100110
1100111100
1100011000
1110111100
0111100110

0000000000
0000011100
0000111000
0001110000
0000000000
0000000000
0000000000
0000000000
0000000000
0000000000

0000110000
0001100000
0011000000
0110000000
0110000000
0110000000
0110000000
0011000000
0001100000
0000110000

0000110000
0000011000
0000001100
0000000110
0000000110
0000000110
0000000110
0000001100
0000011000
0000110000

0000000000
0000110000
0000110000
0000110000
0111111110
0111111110
0001111000
0011001100
0110000110
0000000000


0000000000
0000110000
0000110000
0000110000
0111111110
0111111110
0000110000
0000110000
0000110000
0000000000

0000000000
0000000000
0000000000
0000000000
0000000000
0000000000
0000110000
0000011000
0000110000
0001100000

0000000000
0000000000
0000000000
0000000000
0111111110
0111111110
0000000000
0000000000
0000000000
0000000000

0000000000
0000000000
0000000000
0000000000
0000000000
0000000000
0001110000
0001110000
0001110000
0000000000

0000000000
0000000011
0000000110
0000001100
0000011000
0000110000
0001100000
0011000000
0110000000
0000000000

1111111111
1111111111
1100000111
1100001111
1100011011
1100110011
1101100011
1111000011
1111111111
1111111111

0011110000
0110110000
0000110000
0000110000
0000110000
0000110000
0000110000
0000110000
0011111100
0011111100

0011111000
0111011100
1110001110
0000000110
0000001100
0000011000
0001110000
0111000000
1111111111
1111111111

0011111000
0111011100
1100001110
0000011100
0001111000
0001111000
0000011100
1100001110
0111011100
0011111000

1100000000
1100000000
1100000000
1100000000
1100001100
1100001100
1111111111
1111111111
0000001100
0000001100

0111111110
0111111110
0110000000
0110000000
0111111100
0111111110
0000000110
0110000110
0111111110
0111111000

0011111000
0111111100
1110000110
1110000000
1111111100
1111111110
1100000110
1100000110
1111111110
0111111000

1111111111
1111111111
1100000111
0110001110
0000011100
0000111000
0001110000
0011100000
0111000000
1110000000

0111111110
1111111111
1100000011
1100000011
0111111110
0111111110
1100000011
1100000011
1111111111
0111111110

0011111100
0110000110
1100000110
0110001110
0011011100
0001111000
0001110000
0011100000
0111000000
1110000000

0000000000
0000**0000
000****000
0000**0000
0000000000
0000000000
0000**0000
000****000
0000**0000
0000000000

0000000000
00000*0000
0000***000
00000*0000
0000000000
0000***000
0000***000
000***0000
00***00000
0000000000

0000000000
00000****0
000****000
0****00000
***0000000
***0000000
0****00000
00****0000
0000****00
0000000000

0000000000
0000000000
0000000000
0000000000
0000000000
0000000000
0000000000
0000000000
0000000000
0000000000

0000000000
0****00000
000****000
00000****0
0000000***
0000000***
00000****0
000****000
0****00000
0000000000

0000000000
0000000000
0000000000
0000000000
0000000000
0000000000
0000000000
0000000000
0000000000
0000000000

000***0000
00*000*000
0*00000*00
*00***00*0
*00*0*00*0
*00***0*00
0*0000*000
00*0000000
000*****00
0000000000

0000110000
0001111000
0011001100
0110000110
1100000011
1111111111
1111111111
1100000011
1100000011
1100000011

1111111110
1111111111
1100000011
1100000011
1111111111
1111111111
1100000011
1100000011
1111111111
1111111110

0001111111
0011111111
0110000000
1100000000
1100000000
1100000000
1100000000
0110000000
0011111111
0001111111

1111111110
1111111111
1100000011
1100000011
1100000011
1100000011
1100000011
1100000011
1111111111
1111111110

1111111111
1111111111
1100000000
1100000000
1111111111
1111111111
1100000000
1100000000
1111111111
1111111111

1111111111
1111111111
1100000000
1100000000
1111111111
1111111111
1100000000
1100000000
1100000000
1100000000

0001111111
0011111111
0110000000
1100000000
1100000000
1100001111
1100001111
0110000011
0011111111
0001111111

1100000011
1100000011
1100000011
1100000011
1111111111
1111111111
1100000011
1100000011
1100000011
1100000011

1111111111
1111111111
0001110000
0001110000
0001110000
0001110000
0001110000
0001110000
1111111111
1111111111

0001111111
0001111111
0000011100
0000011100
0000011100
0000011100
1100011100
1100011100
0111111100
0011111100

1100000111
1100001110
1100011100
1100111000
1111110000
1111110000
1100111000
1100011100
1100001110
1100000111

1100000000
1100000000
1100000000
1100000000
1100000000
1100000000
1100000000
1100000000
1111111111
1111111111

1110000111
1111001111
1101111011
1100110011
1100110011
1100000011
1100000011
1100000011
1100000011
1100000011

1110000011
1111000011
1101100011
1100110011
1100011011
1100001111
1100000111
1100000011
1100000011
1100000011

1111111111
1111111111
1100000111
1100001111
1100011011
1100110011
1101100011
1111000011
1111111111
1111111111

1111111111
1111111111
1100000011
1100000011
1111111111
1111111111
1100000000
1100000000
1100000000
1100000000

1111111111
1111111111
1100000011
1100000011
1100000011
1100011011
1100011111
1100001111
1111111111
1111111111

1111111111
1111111111
1100000011
1100000011
1111111111
1111111111
1100111000
1100011100
1100001110
1100000111

1111111111
1111111111
1100000000
1100000000
1111111111
1111111111
0000000011
0000000011
1111111111
1111111111

1111111111
1111111111
0001110000
0001110000
0001110000
0001110000
0001110000
0001110000
0001110000
0001110000

1100000011
1100000011
1100000011
1100000011
1100000011
1100000011
1100000011
1100000011
1111111111
1111111111

1100000011
1100000011
1100000011
1100000011
1100000011
1100000011
0110000110
0011001100
0001111000
0000110000

1100000011
1100000011
1100000011
1100000011
1100000011
1100000011
1100110011
1101111011
1111001111
1110000111

1100000011
1100000011
0110000110
0011001100
0001111000
0001111000
0011001100
0110000110
1100000011
1100000011

1100000011
0110000110
0011001100
0001110000
0001110000
0001110000
0001110000
0001110000
0001110000
0001110000

1111111111
1111111111
0000001110
0000011100
0000111000
0001110000
0011100000
0111000000
1111111111
1111111111

0000000000
0000000000
0000000000
0000000000
0000000000
0000000000
0000000000
0000000000
0000000000
0000000000

0000000000
0000000000
0000000000
0000000000
0000000000
0000000000
0000000000
0000000000
0000000000
0000000000

0000000000
0000000000
0000000000
0000000000
0000000000
0000000000
0000000000
0000000000
0000000000
0000000000

0000000000
0000000000
0000000000
0000000000
0000000000
0000000000
0000000000
0000000000
0000000000
0000000000

0000000000
0000000000
0000000000
0000000000
0000000000
0000000000
0000000000
0000000000
0000000000
0000000000

0000000000
0000000000
0000000000
0000000000
0000000000
0000000000
0000000000
0000000000
0000000000
0000000000

0000110000
0001111000
0011001100
0110000110
1100000011
1111111111
1111111111
1100000011
1100000011
1100000011

1111111110
1111111111
1100000011
1100000011
1111111111
1111111111
1100000011
1100000011
1111111111
1111111110

0001111111
0011111111
0110000000
1100000000
1100000000
1100000000
1100000000
0110000000
0011111111
0001111111

1111111110
1111111111
1100000011
1100000011
1100000011
1100000011
1100000011
1100000011
1111111111
1111111110

1111111111
1111111111
1100000000
1100000000
1111111111
1111111111
1100000000
1100000000
1111111111
1111111111

1111111111
1111111111
1100000000
1100000000
1111111111
1111111111
1100000000
1100000000
1100000000
1100000000

0001111111
0011111111
0110000000
1100000000
1100000000
1100001111
1100001111
0110000011
0011111111
0001111111

1100000011
1100000011
1100000011
1100000011
1111111111
1111111111
1100000011
1100000011
1100000011
1100000011

1111111111
1111111111
0001110000
0001110000
0001110000
0001110000
0001110000
0001110000
1111111111
1111111111

0001111111
0001111111
0000011100
0000011100
0000011100
0000011100
1100011100
1100011100
0111111100
0011111100

1100000111
1100001110
1100011100
1100111000
1111110000
1111110000
1100111000
1100011100
1100001110
1100000111

1100000000
1100000000
1100000000
1100000000
1100000000
1100000000
1100000000
1100000000
1111111111
1111111111

1110000111
1111001111
1101111011
1100110011
1100110011
1100000011
1100000011
1100000011
1100000011
1100000011

1110000011
1111000011
1101100011
1100110011
1100011011
1100001111
1100000111
1100000011
1100000011
1100000011

1111111111
1111111111
1100000111
1100001111
1100011011
1100110011
1101100011
1111000011
1111111111
1111111111

1111111111
1111111111
1100000011
1100000011
1111111111
1111111111
1100000000
1100000000
1100000000
1100000000

1111111111
1111111111
1100000011
1100000011
1100000011
1100011011
1100011111
1100001111
1111111111
1111111111

1111111111
1111111111
1100000011
1100000011
1111111111
1111111111
1100111000
1100011100
1100001110
1100000111

1111111111
1111111111
1100000000
1100000000
1111111111
1111111111
0000000011
0000000011
1111111111
1111111111

1111111111
1111111111
0001110000
0001110000
0001110000
0001110000
0001110000
0001110000
0001110000
0001110000

1100000011
1100000011
1100000011
1100000011
1100000011
1100000011
1100000011
1100000011
1111111111
1111111111

1100000011
1100000011
1100000011
1100000011
1100000011
1100000011
0110000110
0011001100
0001111000
0000110000

1100000011
1100000011
1100000011
1100000011
1100000011
1100000011
1100110011
1101111011
1111001111
1110000111

1100000011
1100000011
0110000110
0011001100
0001111000
0001111000
0011001100
0110000110
1100000011
1100000011

1100000011
0110000110
0011001100
0001110000
0001110000
0001110000
0001110000
0001110000
0001110000
0001110000

1111111111
1111111111
0000001110
0000011100
0000111000
0001110000
0011100000
0111000000
1111111111
1111111111

0000000000
0000000000
0000000000
0000000000
0000000000
0000000000
0000000000
0000000000
0000000000
0000000000

0000000000
0000000000
0000000000
0000000000
0000000000
0000000000
0000000000
0000000000
0000000000
0000000000

0000000000
0000000000
0000000000
0000000000
0000000000
0000000000
0000000000
0000000000
0000000000
0000000000

0000000000
0000000000
0000000000
0000000000
0000000000
0000000000
0000000000
0000000000
0000000000
0000000000

0000000000
0000000000
0000000000
0000000000
0000000000
0000000000
0000000000
0000000000
0000000000
0000000000

0000000000
0000000000
0000000000
0000000000
0000000000
0000000000
0000000000
0000000000
0000000000
0000000000

0000000000
0000000000
0000000000
0000000000
0000000000
0000000000
0000000000
0000000000
0000000000
0000000000

0000000000
0000000000
0000000000
0000000000
0000000000
0000000000
0000000000
0000000000
0000000000
0000000000

0000000000
0000000000
0000000000
0000000000
0000000000
0000000000
0000000000
0000000000
0000000000
0000000000

0000000000
0000000000
0000000000
0000000000
0000000000
0000000000
0000000000
0000000000
0000000000
0000000000

0000000000
0000000000
0000000000
0000000000
0000000000
0000000000
0000000000
0000000000
0000000000
0000000000

0000000000
0000000000
0000000000
0000000000
0000000000
0000000000
0000000000
0000000000
0000000000
0000000000

0000000000
0000000000
0000000000
0000000000
0000000000
0000000000
0000000000
0000000000
0000000000
0000000000

0000000000
0000000000
0000000000
0000000000
0000000000
0000000000
0000000000
0000000000
0000000000
0000000000

0000000000
0000000000
0000000000
0000000000
0000000000
0000000000
0000000000
0000000000
0000000000
0000000000

0000000000
0000000000
0000000000
0000000000
0000000000
0000000000
0000000000
0000000000
0000000000
0000000000

0000000000
0000000000
0000000000
0000000000
0000000000
0000000000
0000000000
0000000000
0000000000
0000000000

0000000000
0000000000
0000000000
0000000000
0000000000
0000000000
0000000000
0000000000
0000000000
0000000000

0000000000
0000000000
0000000000
0000000000
0000000000
0000000000
0000000000
0000000000
0000000000
0000000000

0000000000
0000000000
0000000000
0000000000
0000000000
0000000000
0000000000
0000000000
0000000000
0000000000

0000000000
0000000000
0000000000
0000000000
0000000000
0000000000
0000000000
0000000000
0000000000
0000000000

0000000000
0000000000
0000000000
0000000000
0000000000
0000000000
0000000000
0000000000
0000000000
0000000000

0000000000
0000000000
0000000000
0000000000
0000000000
0000000000
0000000000
0000000000
0000000000
0000000000

0000000000
0000000000
0000000000
0000000000
0000000000
0000000000
0000000000
0000000000
0000000000
0000000000

0000000000
0000000000
0000000000
0000000000
0000000000
0000000000
0000000000
0000000000
0000000000
0000000000

0000000000
0000000000
0000000000
0000000000
0000000000
0000000000
0000000000
0000000000
0000000000
0000000000

0000000000
0000000000
0000000000
0000000000
0000000000
0000000000
0000000000
0000000000
0000000000
0000000000

0000000000
0000000000
0000000000
0000000000
0000000000
0000000000
0000000000
0000000000
0000000000
0000000000

